210002601010100001043.00
210004601020100001040.00
210005601030100001035.00
210006601040100001038.00
210007601050100001025.00
210374601060100001033.00
210009601070100001036.00
210011601080100001039.00
210012601090100001048.00
210013601100100001035.00
210014601110100001048.00
210016601120100001042.00
210017601130100001037.00
210018601140100001038.00
210020601150100001049.00
210112601160100001031.00
210021601170100001027.00
210023601180100001025.00
210346601190100001032.00
210024601200100001050.00
210025601210100001033.00
210026601220100001027.00
210258601230100001045.00
210027601240100001038.00
210028601250100001046.00
210029601260100001034.00
210030601270100001045.00
210031601280100001039.00
210032601290100001051.00
210033601300100001042.00
210034601310100001045.00
210035601320100001044.00
210036601330100001038.00
210037601340100001045.00
210038601350100001044.00
210402601360100001040.00
210039601370100001039.00
210040601380100001034.00
210041601390100001047.00
210224601400100001027.00
210043601410100001045.00
210225601420100001045.00






